17 24
25 7
37 10
49 11
63 12
45 12
34 6
50 8
67 12
52 9
66 10
49 8
67 11
20 7
37 10
52 10
73 11
58 9
79 10
103 13
37 8
50 10
68 9
76 11
80 9
106 12
126 14
56 10
71 11
65 11
83 11
109 12
130 14
159 18
69 12
70 12
73 11
100 14
133 14
157 17
192 19
64 12
89 14
90 15
126 16
142 17
186 20
206 23
78 14
92 14
117 16
145 18
168 19
189 19
236 26
73 15
107 16
136 18
167 19
174 18
218 20
268 25
90 13
124 16
136 15
177 18
215 20
258 23
277 26
120 14
144 16
155 18
207 18
239 21
270 23
305 26
144 16
177 18
194 19
229 20
251 20
294 25
334 26
170 16
193 17
203 17
238 19
246 19
280 21
311 24
197 16
202 17
217 18
244 18
266 20
304 22
344 26
212 17
228 19
237 19
275 21
300 22
333 24
377 28
240 18
284 20
272 21
315 22
336 25
343 28
391 29
272 22
259 19
308 23
327 24
353 25
390 28
408 33
298 22
325 23
323 24
366 26
393 27
423 27
439 28
343 21
375 23
349 21
388 23
430 24
444 26
459 26
392 22
399 23
395 22
390 23
417 22
440 24
423 22
407 21
410 22
418 22
422 22
414 22
421 23
439 22
222 20
233 18
246 18
246 18
238 16
247 18
273 19
273 18
230 16
250 18
244 18
242 16
244 17
247 18
236 17
255 18
242 19
274 19
